0.0625 3.059160
0.1875 3.136556
0.3125 3.190002
0.4375 3.226365
0.5625 3.278364
0.6875 3.352753
0.8125 3.378768
0.9375 3.406103
1.0625 3.428120
1.1875 3.447528
1.3125 3.483960
1.4375 3.495500
1.5625 3.495357
1.6875 3.502260
1.8125 3.530873
1.9375 3.543772
2.0625 3.560946
2.1875 3.568218
2.3125 3.566660
2.4375 3.592508
2.5625 3.661064
2.6875 3.715509
2.8125 3.734504
2.9375 3.808765
3.0625 3.818779
3.1875 3.802045
3.3125 3.742798
3.4375 3.711015
3.5625 3.737576
3.6875 3.779934
3.8125 3.800285
3.9375 3.824050
4.0625 3.845583
4.1875 3.864720
4.3125 3.885070
4.4375 3.900839
4.5625 3.894543
4.6875 3.860654
4.8125 3.826891
4.9375 3.805092
5.0625 3.792416
5.1875 3.794904
5.3125 3.796664
5.4375 3.755925
5.5625 3.824356
5.6875 3.865209
5.8125 3.915172
5.9375 3.923731
6.0625 3.921742
6.1875 3.927155
6.3125 3.935883
6.4375 3.949155
6.5625 3.969514
6.6875 4.006451
6.8125 4.054475
6.9375 4.100086
7.0625 4.157571
7.1875 4.199384
7.3125 4.234371
7.4375 4.238981
7.5625 4.221292
7.6875 4.202235
7.8125 4.191068
7.9375 4.202784
8.0625 4.202963
8.1875 4.193729
8.3125 4.227085
8.4375 4.260398
8.5625 4.278817
8.6875 4.295338
8.8125 4.308804
8.9375 4.307362
9.0625 4.302625
9.1875 4.296170
9.3125 4.274796
9.4375 4.223615
9.5625 4.235423
9.6875 4.284677
9.8125 4.323246
9.9375 4.326104
10.0625 4.310914
10.1875 4.305546
10.3125 4.300484
10.4375 4.292104
10.5625 4.298533
10.6875 4.311323
10.8125 4.356145
10.9375 4.389333
11.0625 4.387556
11.1875 4.400691
11.3125 4.417852
11.4375 4.420768
11.5625 4.433134
11.6875 4.454939
11.8125 4.490898
11.9375 4.503163
12.0625 4.510672
12.1875 4.513432
12.3125 4.520893
12.4375 4.554612
12.5625 4.561990
12.6875 4.569342
12.8125 4.607159
12.9375 4.633340
13.0625 4.659476
13.1875 4.706883
13.3125 4.728253
13.4375 4.744972
13.5625 4.782937
13.6875 4.808953
13.8125 4.853822
13.9375 4.868390
14.0625 4.856987
14.1875 4.832353
14.3125 4.799548
14.4375 4.842603
14.5625 4.885591
14.6875 4.910360
14.8125 4.947836
14.9375 4.999544
15.0625 5.067846
15.1875 5.092355
15.3125 5.156310
15.4375 5.203401
15.5625 5.254942
15.6875 5.288310
15.8125 5.320779
15.9375 5.345047
16.0625 5.373792
16.1875 5.413695
16.3125 5.448629
16.4375 5.510804
16.5625 5.530246
16.6875 5.576391
16.8125 5.620962
16.9375 5.685882
17.0625 5.727982
17.1875 5.792874
17.3125 5.866714
17.4375 5.940427
17.5625 6.027831
17.6875 6.060364
17.8125 6.079281
17.9375 6.153278
18.0625 6.199225
18.1875 6.246242
18.3125 6.287589
18.4375 6.318509
18.5625 6.329391
18.6875 6.360594
18.8125 6.397029
18.9375 6.502467
19.0625 6.520776
19.1875 6.539039
19.3125 6.595057
19.4375 6.617729
19.5625 6.617864
19.6875 6.591013
19.8125 6.567568
19.9375 6.540595
20.0625 6.477503
20.1875 6.452078
20.3125 6.406412
20.4375 6.468006
20.5625 6.471080
20.6875 6.562595
20.8125 6.562595
20.9375 6.656718
21.0625 6.656718
21.1875 6.677116
21.3125 6.691641
21.4375 6.695712
21.5625 6.732878
21.6875 6.768776
21.8125 6.773846
21.9375 6.841444
22.0625 6.841444
22.1875 6.882169
22.3125 6.897609
22.4375 6.921660
22.5625 6.975850
22.6875 7.036396
22.8125 7.108632
22.9375 7.137713
23.0625 7.180686
23.1875 7.243877
23.3125 7.260728
23.4375 7.310158
23.5625 7.337601
23.6875 7.378273
23.8125 7.376388
23.9375 7.358290
24.0625 7.317788
24.1875 7.283229
24.3125 7.250127
24.4375 7.240881
24.5625 7.359199
24.6875 7.482431
24.8125 7.572023
24.9375 7.662979
25.0625 7.741636
25.1875 7.751048
25.3125 7.863895
25.4375 7.871498
25.5625 7.985383
25.6875 8.026318
25.8125 8.129132
25.9375 8.180178
26.0625 8.207730
26.1875 8.310300
26.3125 8.359295
26.4375 8.439591
26.5625 8.498645
26.6875 8.568051
26.8125 8.659568
26.9375 8.705053
27.0625 8.797076
27.1875 8.841309
27.3125 8.911368
27.4375 8.943464
27.5625 9.047164
27.6875 9.047164
27.8125 9.170972
27.9375 9.170972
28.0625 9.238632
28.1875 9.245824
28.3125 9.294748
28.4375 9.299726
28.5625 9.350417
28.6875 9.399825
28.8125 9.399825
28.9375 9.455094
29.0625 9.455094
29.1875 9.504979
29.3125 9.504979
29.4375 9.542336
29.5625 9.542336
29.6875 9.563482
29.8125 9.563482
29.9375 9.584358
30.0625 9.584358
30.1875 9.615857
30.3125 9.632501
30.4375 9.657895
30.5625 9.674592
30.6875 9.710387
30.8125 9.710387
30.9375 9.740837
31.0625 9.757628
31.1875 9.757628
31.3125 9.809405
31.4375 9.809405
31.5625 9.860745
31.6875 9.860745
31.8125 9.879349
31.9375 9.879349
32.0625 9.879349
32.1875 9.914596
32.3125 9.914596
32.4375 9.943376
32.5625 9.943376
32.6875 9.971846
32.8125 9.971846
32.9375 10.000007
33.0625 10.059882
33.1875 10.059882
33.3125 10.129910
33.4375 10.129910
33.5625 10.200516
33.6875 10.200516
33.8125 10.259336
33.9375 10.317667
34.0625 10.317667
34.1875 10.386105
34.3125 10.386105
34.4375 10.467769
34.5625 10.578009
34.6875 10.578009
34.8125 10.676857
34.9375 10.676857
35.0625 10.727508
35.1875 10.804612
35.3125 10.804612
35.4375 10.834426
35.5625 10.834426
35.6875 10.889858
35.8125 10.930498
35.9375 10.930498
36.0625 10.985438
36.1875 10.985438
36.3125 11.036971
36.4375 11.056732
36.5625 11.133855
36.6875 11.198223
36.8125 11.198223
36.9375 11.292727
37.0625 11.292727
37.1875 11.366976
37.3125 11.419508
37.4375 11.419508
37.5625 11.471949
37.6875 11.471949
37.8125 11.523908
37.9375 11.617511
38.0625 11.617511
38.1875 11.710351
38.3125 11.710351
38.4375 11.771067
38.5625 11.771067
38.6875 11.844885
38.8125 11.904935
38.9375 11.904935
39.0625 11.958086
39.1875 11.998296
39.3125 12.011539
39.4375 12.070912
39.5625 12.070912
39.6875 12.108851
39.8125 12.135501
39.9375 12.135501
40.0625 12.146686
40.1875 12.156578
40.3125 12.172110
40.4375 12.233971
40.5625 12.233971
40.6875 12.299954
40.8125 12.324880
40.9375 12.331484
41.0625 12.386751
41.1875 12.386751
41.3125 12.397937
41.4375 12.401886
41.5625 12.419291
41.6875 12.481799
41.8125 12.489608
41.9375 12.513651
42.0625 12.513651
42.1875 12.535212
42.3125 12.535212
42.4375 12.538145
42.5625 12.540916
42.6875 12.540916
42.8125 12.543526
42.9375 12.543526
43.0625 12.543782
43.1875 12.548281
43.3125 12.548281
43.4375 12.566641
43.5625 12.566641
43.6875 12.566641
43.8125 12.582625
43.9375 12.582625
44.0625 12.602644
44.1875 12.602644
44.3125 12.602644
44.4375 12.602644
44.5625 12.591830
44.6875 12.591830
44.8125 12.572625
44.9375 12.549787
45.0625 12.529111
45.1875 12.526585
45.3125 12.507548
45.4375 12.502261
45.5625 12.502261
45.6875 12.502261
45.8125 12.493182
45.9375 12.480332
46.0625 12.461192
46.1875 12.417966
46.3125 12.382571
46.4375 12.304291
46.5625 12.246081
46.6875 12.231376
46.8125 12.178272
46.9375 12.161830
47.0625 12.172392
47.1875 12.173101
47.3125 12.177444
47.4375 12.226565
47.5625 12.226565
47.6875 12.284923
47.8125 12.333136
47.9375 12.361705
48.0625 12.361705
48.1875 12.389984
48.3125 12.417975
48.4375 12.455191
48.5625 12.455191
48.6875 12.526762
48.8125 12.563370
48.9375 12.563370
49.0625 12.599635
49.1875 12.644994
49.3125 12.699352
49.4375 12.706601
49.5625 12.798492
49.6875 12.798492
49.8125 12.798492
49.9375 12.798492
50.0625 12.791103
50.1875 12.791103
50.3125 12.793590
50.4375 12.863211
50.5625 12.913778
50.6875 13.007366
50.8125 13.068871
50.9375 13.176528
51.0625 13.261412
51.1875 13.336704
51.3125 13.356058
51.4375 13.466830
51.5625 13.585607
51.6875 13.585607
51.8125 13.626743
51.9375 13.664668
52.0625 13.693401
52.1875 13.693401
52.3125 13.734226
52.4375 13.771355
52.5625 13.771355
52.6875 13.820913
52.8125 13.884041
52.9375 13.920228
53.0625 13.920228
53.1875 13.920228
53.3125 13.920228
53.4375 13.907689
53.5625 13.899543
53.6875 13.865029
53.8125 13.848785
53.9375 13.848785
54.0625 13.848785
54.1875 13.848785
54.3125 13.840629
54.4375 13.803680
54.5625 13.800978
54.6875 13.740565
54.8125 13.702059
54.9375 13.651323
55.0625 13.625555
55.1875 13.582965
55.3125 13.557207
55.4375 13.549677
55.5625 13.514917
55.6875 13.563872
55.8125 13.582398
55.9375 13.582398
56.0625 13.582398
56.1875 13.585030
56.3125 13.585030
56.4375 13.585030
56.5625 13.585030
56.6875 13.567090
56.8125 13.559728
56.9375 13.578690
57.0625 13.578690
57.1875 13.578690
57.3125 13.578690
57.4375 13.589476
57.5625 13.636829
57.6875 13.636829
57.8125 13.693134
57.9375 13.701428
58.0625 13.777698
58.1875 13.777698
58.3125 13.777698
58.4375 13.777698
58.5625 13.739729
58.6875 13.739729
58.8125 13.719402
58.9375 13.710722
59.0625 13.680867
59.1875 13.660755
59.3125 13.660755
59.4375 13.640332
59.5625 13.640243
59.6875 13.600781
59.8125 13.577233
59.9375 13.577233
60.0625 13.577233
60.1875 13.577233
60.3125 13.577233
60.4375 13.547532
60.5625 13.526754
60.6875 13.525294
60.8125 13.492999
60.9375 13.492999
61.0625 13.461947
61.1875 13.402226
61.3125 13.391305
61.4375 13.380035
61.5625 13.337849
61.6875 13.337504
61.8125 13.373400
61.9375 13.373400
62.0625 13.373400
62.1875 13.387569
62.3125 13.393804
62.4375 13.393804
62.5625 13.393804
62.6875 13.393804
62.8125 13.351647
62.9375 13.347430
63.0625 13.347430
63.1875 13.330657
63.3125 13.330657
63.4375 13.275270
63.5625 13.273087
63.6875 13.257598
63.8125 13.264321
63.9375 13.264321
64.0625 13.265283
64.1875 13.304186
64.3125 13.311647
64.4375 13.350468
64.5625 13.357694
64.6875 13.383238
64.8125 13.383238
64.9375 13.383238
65.0625 13.383238
65.1875 13.383238
65.3125 13.358877
65.4375 13.352717
65.5625 13.325141
65.6875 13.325141
65.8125 13.293540
65.9375 13.293540
66.0625 13.272030
66.1875 13.272030
66.3125 13.272030
66.4375 13.210705
66.5625 13.207311
66.6875 13.172001
66.8125 13.134338
66.9375 13.120425
67.0625 13.111093
67.1875 13.111093
67.3125 13.072517
67.4375 13.065699
67.5625 13.062517
67.6875 13.000972
67.8125 12.987124
67.9375 12.940949
68.0625 12.864190
68.1875 12.829128
68.3125 12.794332
68.4375 12.772911
68.5625 12.770639
68.6875 12.735885
68.8125 12.678753
68.9375 12.665895
69.0625 12.554714
69.1875 12.520368
69.3125 12.508069
69.4375 12.430785
69.5625 12.403570
69.6875 12.403570
69.8125 12.276220
69.9375 12.276220
70.0625 12.242935
70.1875 12.144734
70.3125 12.125816
70.4375 12.114890
70.5625 12.018306
70.6875 12.018306
70.8125 11.931674
70.9375 11.898805
71.0625 11.855630
71.1875 11.801851
71.3125 11.778307
71.4375 11.746501
71.5625 11.645694
71.6875 11.645694
71.8125 11.576841
71.9375 11.576841
72.0625 11.531620
72.1875 11.511479
72.3125 11.511479
72.4375 11.499331
72.5625 11.499331
72.6875 11.499331
72.8125 11.441847
72.9375 11.441847
73.0625 11.441847
73.1875 11.349970
73.3125 11.349970
73.4375 11.319130
73.5625 11.246014
73.6875 11.246014
73.8125 11.237956
73.9375 11.175125
74.0625 11.175125
74.1875 11.103524
74.3125 11.092216
74.4375 11.092216
74.5625 11.032298
74.6875 11.012638
74.8125 11.012638
74.9375 10.949151
75.0625 10.905934
75.1875 10.905934
75.3125 10.787047
75.4375 10.770608
75.5625 10.735491
75.6875 10.729385
75.8125 10.729385
75.9375 10.729385
76.0625 10.729107
76.1875 10.729107
76.3125 10.688838
76.4375 10.653722
76.5625 10.653722
76.6875 10.636397
76.8125 10.566231
76.9375 10.566231
77.0625 10.466567
77.1875 10.466567
77.3125 10.466567
77.4375 10.410654
77.5625 10.410654
77.6875 10.389135
77.8125 10.366835
77.9375 10.366835
78.0625 10.310834
78.1875 10.310834
78.3125 10.294561
78.4375 10.242593
78.5625 10.242593
78.6875 10.214964
78.8125 10.173738
78.9375 10.173738
79.0625 10.157971
79.1875 10.108161
79.3125 10.108161
79.4375 10.053834
79.5625 10.041420
79.6875 10.037798
79.8125 9.970148
79.9375 9.970148
80.0625 9.966826
80.1875 9.874502
80.3125 9.874502
80.4375 9.859790
80.5625 9.756713
80.6875 9.754368
80.8125 9.728352
80.9375 9.657326
81.0625 9.657326
81.1875 9.582754
81.3125 9.535733
81.4375 9.534430
81.5625 9.497666
81.6875 9.436494
81.8125 9.436494
81.9375 9.388293
82.0625 9.314081
82.1875 9.314081
82.3125 9.290114
82.4375 9.262589
82.5625 9.262589
82.6875 9.226945
82.8125 9.186702
82.9375 9.186702
83.0625 9.175147
83.1875 9.110269
83.3125 9.110269
83.4375 9.099060
83.5625 9.021315
83.6875 9.021315
83.8125 9.010522
83.9375 8.919807
84.0625 8.909497
84.1875 8.909497
84.3125 8.855683
84.4375 8.855683
84.5625 8.855683
84.6875 8.789451
84.8125 8.789451
84.9375 8.767898
85.0625 8.725301
85.1875 8.746503
85.3125 8.746503
85.4375 8.746503
85.5625 8.746503
85.6875 8.703466
85.8125 8.699796
85.9375 8.699796
86.0625 8.671813
86.1875 8.582013
86.3125 8.573185
86.4375 8.559173
86.5625 8.467579
86.6875 8.467579
86.8125 8.419324
86.9375 8.314782
87.0625 8.314782
87.1875 8.314782
87.3125 8.197789
87.4375 8.197789
87.5625 8.197789
87.6875 8.146689
87.8125 8.146689
87.9375 8.146689
88.0625 8.088402
88.1875 8.088402
88.3125 8.088402
88.4375 8.017672
88.5625 8.017672
88.6875 8.017672
88.8125 7.946545
88.9375 7.946545
89.0625 7.946545
89.1875 7.875030
89.3125 7.875030
89.4375 7.875030
89.5625 7.754859
89.6875 7.754859
89.8125 7.750375
89.9375 7.666459
90.0625 7.666459
90.1875 7.666459
90.3125 7.622014
90.4375 7.622014
90.5625 7.622014
90.6875 7.549028
90.8125 7.549028
90.9375 7.549028
91.0625 7.451532
91.1875 7.451532
91.3125 7.451532
91.4375 7.319622
91.5625 7.319622
91.6875 7.319622
91.8125 7.172282
91.9375 7.172282
92.0625 7.172282
92.1875 6.976297
92.3125 6.976297
92.4375 6.976297
92.5625 6.982322
92.6875 6.998976
92.8125 6.999306
92.9375 7.021841
93.0625 7.026534
93.1875 7.026931
93.3125 7.043425
93.4375 7.065769
93.5625 7.066261
93.6875 7.088028
93.8125 7.098346
93.9375 7.081082
94.0625 7.102657
94.1875 7.100967
94.3125 7.095592
94.4375 7.092201
94.5625 7.073190
94.6875 7.038924
94.8125 7.054006
94.9375 7.004073
95.0625 6.969546
95.1875 6.931377
95.3125 6.896120
95.4375 6.887923
95.5625 6.869573
95.6875 6.903853
95.8125 6.901521
95.9375 6.877163
96.0625 6.874830
96.1875 6.866290
96.3125 6.866184
96.4375 6.875797
96.5625 6.826466
96.6875 6.879247
96.8125 6.894723
96.9375 6.851724
97.0625 6.879738
97.1875 6.858435
97.3125 6.852147
97.4375 6.842848
97.5625 6.780707
97.6875 6.778454
97.8125 6.684006
97.9375 6.701146
98.0625 6.623381
98.1875 6.516293
98.3125 6.527709
98.4375 6.419691
98.5625 6.330100
98.6875 6.323993
98.8125 6.240614
98.9375 6.257265
99.0625 6.155108
99.1875 6.067696
99.3125 6.060538
99.4375 6.012561
99.5625 5.955135
99.6875 5.965970
99.8125 5.898008
99.9375 5.876541
100.0625 5.829547
100.1875 5.758251
100.3125 5.695966
100.4375 5.680793
100.5625 5.594690
100.6875 5.565033
100.8125 5.513593
100.9375 5.456767
101.0625 5.415550
101.1875 5.389569
101.3125 5.316617
101.4375 5.314589
101.5625 5.329332
101.6875 5.316441
101.8125 5.285007
101.9375 5.264993
102.0625 5.242351
102.1875 5.215149
102.3125 5.184376
102.4375 5.154408
102.5625 5.102859
102.6875 5.061264
102.8125 5.016303
102.9375 4.988591
103.0625 4.961462
103.1875 4.924095
103.3125 4.902129
103.4375 4.956014
103.5625 5.005700
103.6875 5.048491
103.8125 5.068331
103.9375 5.065809
104.0625 5.052725
104.1875 5.038415
104.3125 4.999089
104.4375 4.967124
104.5625 4.999091
104.6875 5.011728
104.8125 5.040839
104.9375 5.036084
105.0625 5.064410
105.1875 5.065004
105.3125 5.039789
105.4375 4.996854
105.5625 4.989878
105.6875 4.987092
105.8125 4.977267
105.9375 4.962848
106.0625 4.963775
106.1875 4.947163
106.3125 4.942825
106.4375 4.922366
106.5625 4.938583
106.6875 4.954599
106.8125 4.951990
106.9375 4.945284
107.0625 4.957173
107.1875 4.946716
107.3125 4.932235
107.4375 4.914370
107.5625 4.877972
107.6875 4.826897
107.8125 4.794984
107.9375 4.775510
108.0625 4.768395
108.1875 4.749502
108.3125 4.797010
108.4375 4.821954
108.5625 4.834031
108.6875 4.870767
108.8125 4.877145
108.9375 4.901840
109.0625 4.895995
109.1875 4.902562
109.3125 4.891249
109.4375 4.885364
109.5625 4.861949
109.6875 4.820771
109.8125 4.784478
109.9375 4.755341
110.0625 4.718706
110.1875 4.677718
110.3125 4.664231
110.4375 4.616573
110.5625 4.603826
110.6875 4.574254
110.8125 4.572724
110.9375 4.543004
111.0625 4.529970
111.1875 4.506282
111.3125 4.499216
111.4375 4.475476
111.5625 4.430509
111.6875 4.426231
111.8125 4.367301
111.9375 4.321846
112.0625 4.293589
112.1875 4.239587
112.3125 4.175111
112.4375 4.177813
112.5625 4.199702
112.6875 4.196323
112.8125 4.191854
112.9375 4.188446
113.0625 4.185027
113.1875 4.170345
113.3125 4.150761
113.4375 4.136072
113.5625 4.121391
113.6875 4.116729
113.8125 4.105779
113.9375 4.101061
114.0625 4.082596
114.1875 4.040312
114.3125 4.032415
114.4375 3.982289
114.5625 3.948690
114.6875 3.932724
114.8125 3.904965
114.9375 3.863667
115.0625 3.828248
115.1875 3.785179
115.3125 3.736334
115.4375 3.685589
115.5625 3.645765
115.6875 3.606070
115.8125 3.555041
115.9375 3.492834
116.0625 3.489516
116.1875 3.515847
116.3125 3.522566
116.4375 3.516916
116.5625 3.525290
116.6875 3.517502
116.8125 3.518004
116.9375 3.535613
117.0625 3.546018
117.1875 3.567155
117.3125 3.568524
117.4375 3.567159
117.5625 3.579054
117.6875 3.616848
117.8125 3.643010
117.9375 3.641489
118.0625 3.625487
118.1875 3.607369
118.3125 3.580927
118.4375 3.540247
118.5625 3.490136
118.6875 3.487507
118.8125 3.488019
118.9375 3.486410
119.0625 3.493149
119.1875 3.494302
119.3125 3.478708
119.4375 3.457509
119.5625 3.429858
119.6875 3.380761
119.8125 3.338654
119.9375 3.292974
120.0625 3.261869
120.1875 3.199269
120.3125 3.169427
120.4375 3.142988
120.5625 3.118658
120.6875 3.097685
120.8125 3.067657
120.9375 3.020746
121.0625 2.968106
121.1875 2.940835
121.3125 2.942396
121.4375 2.937523
121.5625 2.921013
121.6875 2.896773
121.8125 2.858066
121.9375 2.811118
122.0625 2.772301
122.1875 2.759863
122.3125 2.747894
122.4375 2.742241
122.5625 2.730234
122.6875 2.708698
122.8125 2.699821
122.9375 2.690927
123.0625 2.786522
123.1875 2.823903
123.3125 2.850555
123.4375 2.868267
123.5625 2.866281
123.6875 2.877021
123.8125 2.870734
123.9375 2.895981
124.0625 2.898235
124.1875 2.883273
124.3125 2.916720
124.4375 2.945037
124.5625 2.949505
124.6875 2.959754
124.8125 2.989750
124.9375 2.994265
125.0625 2.992999
125.1875 3.032056
125.3125 3.036605
125.4375 3.022276
125.5625 2.984738
125.6875 2.988119
125.8125 3.025542
125.9375 3.051993
126.0625 3.050120
126.1875 3.022454
126.3125 3.012110
126.4375 3.053069
126.5625 3.055145
126.6875 3.056994
126.8125 3.083911
126.9375 3.090090
127.0625 3.072453
127.1875 3.066362
127.3125 3.077414
127.4375 3.072874
127.5625 3.053533
127.6875 3.020646
127.8125 2.998283
127.9375 3.011351
128.0625 3.018462
128.1875 3.025350
128.3125 3.036229
128.4375 3.047549
128.5625 3.067676
128.6875 3.063035
128.8125 3.047773
128.9375 3.046232
129.0625 3.083585
129.1875 3.101359
129.3125 3.115084
129.4375 3.128298
129.5625 3.142205
129.6875 3.191407
129.8125 3.271966
129.9375 3.317780
130.0625 3.371939
130.1875 3.420327
130.3125 3.445484
130.4375 3.450863
130.5625 3.429516
130.6875 3.385633
130.8125 3.363591
130.9375 3.344733
131.0625 3.303790
131.1875 3.312930
131.3125 3.323409
131.4375 3.336117
131.5625 3.339014
131.6875 3.402027
131.8125 3.430126
131.9375 3.470878
132.0625 3.514768
132.1875 3.539614
132.3125 3.570771
132.4375 3.598731
132.5625 3.632746
132.6875 3.653172
132.8125 3.647411
132.9375 3.617997
133.0625 3.582173
133.1875 3.531973
133.3125 3.483235
133.4375 3.532840
133.5625 3.578095
133.6875 3.612094
133.8125 3.632697
133.9375 3.667946
134.0625 3.681164
134.1875 3.696668
134.3125 3.704641
134.4375 3.710447
134.5625 3.699088
134.6875 3.666770
134.8125 3.630665
134.9375 3.591963
135.0625 3.557306
135.1875 3.507603
135.3125 3.460262
135.4375 3.449356
135.5625 3.460567
135.6875 3.459611
135.8125 3.458633
135.9375 3.475523
136.0625 3.506862
136.1875 3.505792
136.3125 3.525677
136.4375 3.538891
136.5625 3.531306
136.6875 3.510787
136.8125 3.516344
136.9375 3.553938
137.0625 3.583002
137.1875 3.604575
137.3125 3.635718
137.4375 3.662271
137.5625 3.706539
137.6875 3.741753
137.8125 3.779895
137.9375 3.813786
138.0625 3.843405
138.1875 3.878539
138.3125 3.887589
138.4375 3.897530
138.5625 3.898434
138.6875 3.892565
138.8125 3.887209
138.9375 3.882124
139.0625 3.879955
139.1875 3.856119
139.3125 3.835050
139.4375 3.798484
139.5625 3.764144
139.6875 3.721627
139.8125 3.692224
139.9375 3.658517
140.0625 3.649451
140.1875 3.653106
140.3125 3.669323
140.4375 3.675432
140.5625 3.676689
140.6875 3.700318
140.8125 3.723025
140.9375 3.732457
141.0625 3.736720
141.1875 3.748877
141.3125 3.757507
141.4375 3.770274
141.5625 3.788216
141.6875 3.804168
141.8125 3.807755
141.9375 3.805403
142.0625 3.793809
142.1875 3.774825
142.3125 3.764105
142.4375 3.754191
142.5625 3.740131
142.6875 3.730991
142.8125 3.706877
142.9375 3.692722
143.0625 3.677720
143.1875 3.653481
143.3125 3.626749
143.4375 3.600403
143.5625 3.577778
143.6875 3.603280
143.8125 3.628889
143.9375 3.647661
144.0625 3.648518
144.1875 3.644980
144.3125 3.633828
144.4375 3.626132
144.5625 3.614065
144.6875 3.582428
144.8125 3.572006
144.9375 3.569356
145.0625 3.546136
145.1875 3.536705
145.3125 3.520050
145.4375 3.487013
145.5625 3.477266
145.6875 3.481292
145.8125 3.486405
145.9375 3.483818
146.0625 3.464461
146.1875 3.466991
146.3125 3.468921
146.4375 3.497989
146.5625 3.524168
146.6875 3.556250
146.8125 3.596041
146.9375 3.618044
147.0625 3.602254
147.1875 3.540874
147.3125 3.466635
147.4375 3.404439
147.5625 3.370282
147.6875 3.361509
147.8125 3.351738
147.9375 3.337847
148.0625 3.322955
148.1875 3.310103
148.3125 3.288470
148.4375 3.242155
148.5625 3.223419
148.6875 3.230132
148.8125 3.241936
148.9375 3.219333
149.0625 3.175002
149.1875 3.136265
149.3125 3.112749
149.4375 3.076021
149.5625 3.029093
149.6875 3.036229
149.8125 3.032551
149.9375 2.963178
150.0625 2.930290
150.1875 2.889111
150.3125 2.855383
150.4375 2.799981
150.5625 2.749677
150.6875 2.719186
150.8125 2.727841
150.9375 2.739591
151.0625 2.753641
151.1875 2.775865
151.3125 2.779568
151.4375 2.775287
151.5625 2.750191
151.6875 2.699359
151.8125 2.647327
151.9375 2.670691
152.0625 2.708153
152.1875 2.719000
152.3125 2.705302
152.4375 2.684933
152.5625 2.705252
152.6875 2.741369
152.8125 2.789911
152.9375 2.821531
153.0625 2.824377
153.1875 2.823030
153.3125 2.834135
153.4375 2.828953
153.5625 2.809090
153.6875 2.810217
153.8125 2.805142
153.9375 2.779516
154.0625 2.737801
154.1875 2.712112
154.3125 2.699102
154.4375 2.711066
154.5625 2.715830
154.6875 2.701605
154.8125 2.655846
154.9375 2.617200
155.0625 2.554966
155.1875 2.476025
155.3125 2.409863
155.4375 2.337863
155.5625 2.291171
155.6875 2.230745
155.8125 2.168746
155.9375 2.100788
156.0625 2.005029
156.1875 1.928975
156.3125 1.886615
156.4375 1.846839
156.5625 1.852180
156.6875 1.838933
156.8125 1.781172
156.9375 1.774841
157.0625 1.753883
157.1875 1.697579
157.3125 1.636024
157.4375 1.574809
157.5625 1.519963
157.6875 1.445313
157.8125 1.411079
157.9375 1.411213
158.0625 1.379155
158.1875 1.341933
158.3125 1.298797
158.4375 1.275834
158.5625 1.285787
158.6875 1.311956
158.8125 1.322421
158.9375 1.316090
159.0625 1.299894
159.1875 1.312720
159.3125 1.300191
159.4375 1.262680
159.5625 1.244555
159.6875 1.243050
159.8125 1.192285
159.9375 1.132478
160.0625 1.086142
160.1875 1.045273
160.3125 1.003605
160.4375 0.957881
160.5625 0.980602
160.6875 0.990814
160.8125 0.968615
160.9375 0.916844
161.0625 0.884397
161.1875 0.824799
161.3125 0.750590
161.4375 0.700059
161.5625 0.666015
161.6875 0.661979
161.8125 0.632342
161.9375 0.603988
162.0625 0.563470
162.1875 0.543624
162.3125 0.514403
162.4375 0.464781
162.5625 0.454462
162.6875 0.452685
162.8125 0.437607
162.9375 0.397782
163.0625 0.348692
163.1875 0.313785
163.3125 0.287257
163.4375 0.264564
163.5625 0.236911
163.6875 0.203275
163.8125 0.153971
163.9375 0.113334
164.0625 0.093569
164.1875 0.076018
164.3125 0.067406
164.4375 0.035901
164.5625 0.022616
164.6875 -0.008177
164.8125 -0.028341
164.9375 -0.052184
165.0625 -0.103303
165.1875 -0.126654
165.3125 -0.128971
165.4375 -0.131063
165.5625 -0.131122
165.6875 -0.131734
165.8125 -0.131402
165.9375 -0.114417
166.0625 -0.096667
166.1875 -0.049946
166.3125 -0.020099
166.4375 -0.008230
166.5625 0.007830
166.6875 0.007086
166.8125 0.016658
166.9375 0.044547
167.0625 0.063617
167.1875 0.074615
167.3125 0.065613
167.4375 0.101215
167.5625 0.163938
167.6875 0.227311
167.8125 0.302523
167.9375 0.370289
168.0625 0.413435
168.1875 0.470453
168.3125 0.518176
168.4375 0.561054
168.5625 0.565822
168.6875 0.555075
168.8125 0.571280
168.9375 0.619533
169.0625 0.655929
169.1875 0.677271
169.3125 0.721788
169.4375 0.770162
169.5625 0.835929
169.6875 0.853539
169.8125 0.904425
169.9375 0.944113
170.0625 0.954497
170.1875 0.936959
170.3125 0.944972
170.4375 0.943177
170.5625 0.955521
170.6875 0.959309
170.8125 0.981930
170.9375 1.019038
171.0625 1.037640
171.1875 1.057568
171.3125 1.064698
171.4375 1.068557
171.5625 1.098958
171.6875 1.114423
171.8125 1.162878
171.9375 1.213021
172.0625 1.245804
172.1875 1.235569
172.3125 1.210960
172.4375 1.204724
172.5625 1.202196
172.6875 1.220500
172.8125 1.238429
172.9375 1.260074
173.0625 1.276605
173.1875 1.318758
173.3125 1.331925
173.4375 1.336241
173.5625 1.329015
173.6875 1.330114
173.8125 1.359842
173.9375 1.374510
174.0625 1.390438
174.1875 1.405479
174.3125 1.442163
174.4375 1.469576
174.5625 1.499580
174.6875 1.508014
174.8125 1.548303
174.9375 1.579580
175.0625 1.589175
175.1875 1.583266
175.3125 1.573117
175.4375 1.563868
175.5625 1.554802
175.6875 1.629889
175.8125 1.665343
175.9375 1.713017
176.0625 1.767403
176.1875 1.779033
176.3125 1.765142
176.4375 1.715661
176.5625 1.692950
176.6875 1.693452
176.8125 1.740574
176.9375 1.817463
177.0625 1.879182
177.1875 1.892465
177.3125 1.888930
177.4375 1.874773
177.5625 1.867750
177.6875 1.855658
177.8125 1.821233
177.9375 1.897442
178.0625 1.913167
178.1875 1.874781
178.3125 1.877091
178.4375 1.914421
178.5625 1.929711
178.6875 1.955653
178.8125 1.936663
178.9375 1.903348
179.0625 1.861083
179.1875 1.876161
179.3125 1.952369
179.4375 1.961997
179.5625 2.015911
179.6875 2.037734
179.8125 2.053701
179.9375 2.092366
180.0625 2.099738
180.1875 2.044705
180.3125 2.020962
180.4375 2.004476
180.5625 2.123241
180.6875 2.221943
180.8125 2.219549
180.9375 2.201401
181.0625 2.183476
181.1875 2.222968
181.3125 2.255834
181.4375 2.301002
181.5625 2.380202
181.6875 2.481206
181.8125 2.497463
181.9375 2.479671
182.0625 2.495243
182.1875 2.528799
182.3125 2.513414
182.4375 2.455751
182.5625 2.428585
182.6875 2.420390
182.8125 2.309744
182.9375 2.260707
183.0625 2.295799
183.1875 2.283981
183.3125 2.261595
183.4375 2.240047
183.5625 2.206282
183.6875 2.178275
183.8125 2.200257
183.9375 2.229376
184.0625 2.348775
184.1875 2.370294
184.3125 2.386017
184.4375 2.440982
184.5625 2.491080
184.6875 2.512209
184.8125 2.532286
184.9375 2.590180
185.0625 2.636468
185.1875 2.646997
185.3125 2.656633
185.4375 2.814882
185.5625 2.884777
185.6875 2.892764
185.8125 2.935716
185.9375 2.952998
186.0625 3.075155
186.1875 3.099613
186.3125 3.092198
186.4375 3.067380
186.5625 3.114030
186.6875 3.120516
186.8125 3.132975
186.9375 3.158271
187.0625 3.201652
187.1875 3.268791
187.3125 3.262933
187.4375 3.273776
187.5625 3.397200
187.6875 3.425529
187.8125 3.423206
187.9375 3.436619
188.0625 3.400668
188.1875 3.375660
188.3125 3.374824
188.4375 3.379436
188.5625 3.373519
188.6875 3.400612
188.8125 3.486619
188.9375 3.536053
189.0625 3.573794
189.1875 3.551094
189.3125 3.550927
189.4375 3.533696
189.5625 3.553954
189.6875 3.616286
189.8125 3.619452
189.9375 3.616511
190.0625 3.610676
190.1875 3.612991
190.3125 3.563868
190.4375 3.491922
190.5625 3.448151
190.6875 3.502918
190.8125 3.608291
190.9375 3.661917
191.0625 3.721189
191.1875 3.750996
191.3125 3.757021
191.4375 3.710751
191.5625 3.778681
191.6875 3.808808
191.8125 3.809793
191.9375 3.788374
192.0625 3.797780
192.1875 3.813243
192.3125 3.812665
192.4375 3.756471
192.5625 3.693116
192.6875 3.643187
192.8125 3.679144
192.9375 3.714002
193.0625 3.708582
193.1875 3.700312
193.3125 3.738037
193.4375 3.759697
193.5625 3.778346
193.6875 3.785610
193.8125 3.780877
193.9375 3.841203
194.0625 3.945630
194.1875 4.051426
194.3125 4.089520
194.4375 4.079707
194.5625 4.086018
194.6875 4.099409
194.8125 4.121715
194.9375 4.158558
195.0625 4.197425
195.1875 4.257816
195.3125 4.332934
195.4375 4.387873
195.5625 4.424450
195.6875 4.454332
195.8125 4.486280
195.9375 4.544512
196.0625 4.568781
196.1875 4.589461
196.3125 4.628880
196.4375 4.664349
196.5625 4.711548
196.6875 4.751056
196.8125 4.778906
196.9375 4.799005
197.0625 4.820263
197.1875 4.819990
197.3125 4.825710
197.4375 4.847698
197.5625 4.863890
197.6875 4.875074
197.8125 4.874992
197.9375 4.808302
198.0625 4.764558
198.1875 4.702442
198.3125 4.642921
198.4375 4.682123
198.5625 4.694408
198.6875 4.684959
198.8125 4.707013
198.9375 4.746656
199.0625 4.753172
199.1875 4.741857
199.3125 4.757343
199.4375 4.782775
199.5625 4.775779
199.6875 4.847451
199.8125 4.856782
199.9375 4.851229
200.0625 4.828443
200.1875 4.813153
200.3125 4.838230
200.4375 4.827678
200.5625 4.753594
200.6875 4.712337
200.8125 4.699910
200.9375 4.703050
201.0625 4.703410
201.1875 4.708417
201.3125 4.700954
201.4375 4.692040
201.5625 4.712610
201.6875 4.779769
201.8125 4.838078
201.9375 4.931281
202.0625 4.973065
202.1875 5.027237
202.3125 5.074201
202.4375 5.118120
202.5625 5.166894
202.6875 5.216765
202.8125 5.276656
202.9375 5.346107
203.0625 5.340212
203.1875 5.366698
203.3125 5.419934
203.4375 5.497399
203.5625 5.559108
203.6875 5.599061
203.8125 5.640990
203.9375 5.704402
204.0625 5.776800
204.1875 5.862936
204.3125 5.948924
204.4375 5.969775
204.5625 5.985967
204.6875 5.971623
204.8125 6.006296
204.9375 5.994651
205.0625 5.956535
205.1875 5.927561
205.3125 5.880143
205.4375 5.807061
205.5625 5.689733
205.6875 5.624092
205.8125 5.658184
205.9375 5.721764
206.0625 5.780504
206.1875 5.818347
206.3125 5.799845
206.4375 5.787829
206.5625 5.737246
206.6875 5.693264
206.8125 5.672206
206.9375 5.836557
207.0625 5.941922
207.1875 6.066255
207.3125 6.165495
207.4375 6.189977
207.5625 6.139857
207.6875 6.301265
207.8125 6.350942
207.9375 6.360535
208.0625 6.357317
208.1875 6.282153
208.3125 6.205697
208.4375 6.145749
208.5625 6.084957
208.6875 6.015596
208.8125 5.942557
208.9375 5.879200
209.0625 5.822198
209.1875 5.748170
209.3125 5.689547
209.4375 5.699722
209.5625 5.788374
209.6875 5.858841
209.8125 5.952333
209.9375 6.074427
210.0625 6.154037
210.1875 6.244372
210.3125 6.310061
210.4375 6.379678
210.5625 6.438857
210.6875 6.520107
210.8125 6.588756
210.9375 6.645147
211.0625 6.680138
211.1875 6.740041
211.3125 6.772424
211.4375 6.828955
211.5625 6.866880
211.6875 6.902792
211.8125 6.950726
211.9375 6.976090
212.0625 7.035276
212.1875 7.100178
212.3125 7.175358
212.4375 7.266310
212.5625 7.311853
212.6875 7.322944
212.8125 7.331098
212.9375 7.299647
213.0625 7.234318
213.1875 7.175424
213.3125 7.099529
213.4375 7.042912
213.5625 6.976739
213.6875 6.892395
213.8125 6.828347
213.9375 6.733612
214.0625 6.646680
214.1875 6.535534
214.3125 6.570324
214.4375 6.612409
214.5625 6.667933
214.6875 6.696261
214.8125 6.737456
214.9375 6.760344
215.0625 6.773057
215.1875 6.799827
215.3125 6.865489
215.4375 6.873744
215.5625 6.852485
215.6875 6.810758
215.8125 6.766025
215.9375 6.755329
216.0625 6.739238
216.1875 6.666217
216.3125 6.587621
216.4375 6.536171
216.5625 6.490866
216.6875 6.450188
216.8125 6.433745
216.9375 6.403529
217.0625 6.368472
217.1875 6.363952
217.3125 6.372388
217.4375 6.391885
217.5625 6.420932
217.6875 6.427104
217.8125 6.433274
217.9375 6.458098
218.0625 6.518838
218.1875 6.551524
218.3125 6.631052
218.4375 6.687066
218.5625 6.763668
218.6875 6.808409
218.8125 6.858932
218.9375 6.909092
219.0625 6.974543
219.1875 7.000991
219.3125 7.027176
219.4375 7.053373
219.5625 7.087193
219.6875 7.141754
219.8125 7.139210
219.9375 7.162515
220.0625 7.167598
220.1875 7.139054
220.3125 7.092299
220.4375 7.053224
220.5625 7.034834
220.6875 6.990881
220.8125 6.945403
220.9375 6.932577
221.0625 6.914129
221.1875 6.857983
221.3125 6.820491
221.4375 6.852537
221.5625 6.882008
221.6875 6.913968
221.8125 6.928496
221.9375 6.936782
222.0625 6.933383
222.1875 6.938641
222.3125 6.935521
222.4375 6.935035
222.5625 6.940668
222.6875 6.934100
222.8125 6.899348
222.9375 6.854545
223.0625 6.754961
223.1875 6.739616
223.3125 6.757298
223.4375 6.733379
223.5625 6.796458
223.6875 6.816612
223.8125 6.794827
223.9375 6.860622
224.0625 6.889647
224.1875 6.859214
224.3125 6.731852
224.4375 6.680830
224.5625 6.376295
224.6875 6.270303
224.8125 6.388556
224.9375 6.357930
225.0625 6.399933
225.1875 6.365865
225.3125 6.019025
225.4375 5.983267
225.5625 6.038292
225.6875 6.091816
225.8125 6.087093
225.9375 6.013310
226.0625 5.909041
226.1875 5.871102
226.3125 5.885666
226.4375 5.876320
226.5625 5.888578
226.6875 5.913058
226.8125 5.902401
226.9375 5.887149
227.0625 5.937927
227.1875 5.960906
227.3125 5.972459
227.4375 5.980023
227.5625 5.956753
227.6875 6.036226
227.8125 6.086365
227.9375 5.980267
228.0625 5.783590
228.1875 5.786070
228.3125 5.791374
228.4375 6.179896
228.5625 6.188664
228.6875 6.152912
228.8125 6.164594
228.9375 6.145302
229.0625 6.171391
229.1875 6.210130
229.3125 6.312629
229.4375 6.354980
229.5625 5.973353
229.6875 6.003433
229.8125 5.934980
229.9375 5.978648
230.0625 6.029780
230.1875 6.112752
230.3125 6.229554
230.4375 6.301045
230.5625 6.374774
230.6875 6.439199
230.8125 6.492881
230.9375 6.540503
231.0625 6.569871
231.1875 6.648269
231.3125 6.669565
231.4375 6.775468
231.5625 6.857009
231.6875 6.906255
231.8125 6.944608
231.9375 6.953409
232.0625 6.941426
232.1875 6.867232
232.3125 6.817570
232.4375 6.759670
232.5625 6.710091
232.6875 6.694311
232.8125 6.691287
232.9375 6.673189
233.0625 6.701388
233.1875 6.699379
233.3125 6.685408
233.4375 6.652757
233.5625 6.597319
233.6875 6.593534
233.8125 6.491885
233.9375 6.455817
234.0625 6.458102
234.1875 6.353427
234.3125 6.366692
234.4375 6.370426
234.5625 6.360531
234.6875 6.282394
234.8125 6.389755
234.9375 6.393386
235.0625 6.284278
235.1875 6.247387
235.3125 6.198933
235.4375 6.099412
235.5625 6.038767
235.6875 6.063621
235.8125 6.085392
235.9375 6.113300
236.0625 6.135288
236.1875 6.150129
236.3125 6.168698
236.4375 6.174041
236.5625 6.226098
236.6875 6.236148
236.8125 6.220523
236.9375 6.242520
237.0625 6.273439
237.1875 6.310959
237.3125 6.322913
237.4375 6.335802
237.5625 6.353347
237.6875 6.368209
237.8125 6.365760
237.9375 6.364102
238.0625 6.349815
238.1875 6.360745
238.3125 6.392593
238.4375 6.432856
238.5625 6.471584
238.6875 6.461556
238.8125 6.497565
238.9375 6.549897
239.0625 6.576777
239.1875 6.600645
239.3125 6.636467
239.4375 6.672775
239.5625 6.703991
239.6875 6.744361
239.8125 6.780166
239.9375 6.806839
240.0625 6.815346
240.1875 6.812661
240.3125 6.868213
240.4375 6.919231
240.5625 6.947990
240.6875 6.960319
240.8125 6.954627
240.9375 6.964004
241.0625 6.988074
241.1875 7.047145
241.3125 7.094646
241.4375 7.136719
241.5625 7.178849
241.6875 7.208219
241.8125 7.235574
241.9375 7.269140
242.0625 7.282168
242.1875 7.298670
242.3125 7.319444
242.4375 7.344500
242.5625 7.343922
242.6875 7.358437
242.8125 7.368005
242.9375 7.392827
243.0625 7.404593
243.1875 7.441735
243.3125 7.478916
243.4375 7.532970
243.5625 7.574454
243.6875 7.620199
243.8125 7.665910
243.9375 7.695108
244.0625 7.732310
244.1875 7.752731
244.3125 7.789645
244.4375 7.818454
244.5625 7.838866
244.6875 7.871918
244.8125 7.888695
244.9375 7.887466
245.0625 7.890987
245.1875 7.898824
245.3125 7.914208
245.4375 7.926097
245.5625 7.933741
245.6875 7.924565
245.8125 7.911007
245.9375 7.895994
246.0625 7.907674
246.1875 7.913875
246.3125 7.929655
246.4375 7.932800
246.5625 7.951302
246.6875 7.977909
246.8125 8.005977
246.9375 8.034058
247.0625 8.066324
247.1875 8.086071
247.3125 8.114179
247.4375 8.145216
247.5625 8.160742
247.6875 8.176257
247.8125 8.184754
247.9375 8.187684
248.0625 8.187406
248.1875 8.186114
248.3125 8.172148
248.4375 8.161960
248.5625 8.145764
248.6875 8.137295
248.8125 8.149847
248.9375 8.166381
249.0625 8.193600
249.1875 8.212584
249.3125 8.239805
249.4375 8.265386
249.5625 8.304918
249.6875 8.340344
249.8125 8.371655
249.9375 8.390586
250.0625 8.413638
250.1875 8.438555
250.3125 8.445038
250.4375 8.439122
250.5625 8.418651
250.6875 8.400217
250.8125 8.334775
250.9375 8.288002
251.0625 8.300473
251.1875 8.306530
251.3125 8.306906
251.4375 8.327340
251.5625 8.321036
251.6875 8.300540
251.8125 8.298661
251.9375 8.288177
252.0625 8.275777
252.1875 8.295891
252.3125 8.297499
252.4375 8.313409
252.5625 8.331220
252.6875 8.316443
252.8125 8.287438
252.9375 8.273313
253.0625 8.286880
253.1875 8.276026
253.3125 8.273259
253.4375 8.244105
253.5625 8.239322
253.6875 8.272977
253.8125 8.310697
253.9375 8.332150
254.0625 8.357658
254.1875 8.380953
254.3125 8.414518
254.4375 8.439943
254.5625 8.449077
254.6875 8.450036
254.8125 8.450958
254.9375 8.484457
255.0625 8.526106
255.1875 8.551435
255.3125 8.568586
255.4375 8.587144
255.5625 8.579739
255.6875 8.589311
255.8125 8.581867
255.9375 8.583931
256.0625 8.613044
256.1875 8.629924
256.3125 8.659004
256.4375 8.710755
256.5625 8.768558
256.6875 8.805892
256.8125 8.839119
256.9375 8.860041
257.0625 8.880939
257.1875 8.910013
257.3125 8.943171
257.4375 8.956799
257.5625 8.973460
257.6875 8.994182
257.8125 8.978051
257.9375 8.929100
258.0625 8.858755
258.1875 8.789868
258.3125 8.729274
258.4375 8.691509
258.5625 8.677212
258.6875 8.678074
258.8125 8.683836
258.9375 8.678413
259.0625 8.669917
259.1875 8.632746
259.3125 8.579123
259.4375 8.525398
259.5625 8.446978
259.6875 8.387381
259.8125 8.356179
259.9375 8.366083
260.0625 8.397440
260.1875 8.414960
260.3125 8.435600
260.4375 8.446762
260.5625 8.437848
260.6875 8.403385
260.8125 8.374258
260.9375 8.345065
261.0625 8.321402
261.1875 8.298563
261.3125 8.286470
261.4375 8.292119
261.5625 8.302939
261.6875 8.297602
261.8125 8.288188
261.9375 8.278727
262.0625 8.265184
262.1875 8.231404
262.3125 8.181398
262.4375 8.151520
262.5625 8.115649
262.6875 8.061278
262.8125 7.994654
262.9375 7.948221
263.0625 7.915649
263.1875 7.886961
263.3125 7.829464
263.4375 7.786468
263.5625 7.777765
263.6875 7.771565
263.8125 7.769556
263.9375 7.758447
264.0625 7.745611
264.1875 7.739688
264.3125 7.731372
264.4375 7.720117
264.5625 7.702656
264.6875 7.692774
264.8125 7.682854
264.9375 7.652502
265.0625 7.612060
265.1875 7.591842
265.3125 7.576726
265.4375 7.550204
265.5625 7.517241
265.6875 7.488035
265.8125 7.481061
265.9375 7.516206
266.0625 7.538619
266.1875 7.535598
266.3125 7.497459
266.4375 7.443616
266.5625 7.409811
266.6875 7.363760
266.8125 7.376367
266.9375 7.373147
267.0625 7.387355
267.1875 7.392262
267.3125 7.396139
267.4375 7.405025
267.5625 7.399964
267.6875 7.409815
267.8125 7.409488
267.9375 7.388887
268.0625 7.352152
268.1875 7.336559
268.3125 7.311993
268.4375 7.306775
268.5625 7.302381
268.6875 7.289142
268.8125 7.274297
268.9375 7.258608
269.0625 7.254165
269.1875 7.254440
269.3125 7.221968
269.4375 7.194837
269.5625 7.170382
269.6875 7.131600
269.8125 7.159254
269.9375 7.187699
270.0625 7.195838
270.1875 3.344381
270.3125 7.198537
270.4375 7.170185
270.5625 7.149309
270.6875 7.140001
270.8125 7.136345
270.9375 7.111976
271.0625 7.083544
271.1875 7.042995
271.3125 7.026228
271.4375 7.017842
271.5625 7.025846
271.6875 7.033129
271.8125 7.032682
271.9375 7.031849
272.0625 7.035347
272.1875 7.022432
272.3125 7.013529
272.4375 7.009228
272.5625 7.012587
272.6875 6.996176
272.8125 6.947336
272.9375 6.906362
273.0625 6.869892
273.1875 6.848845
273.3125 6.835912
273.4375 6.843027
273.5625 6.860882
273.6875 6.871753
273.8125 6.852224
273.9375 6.855201
274.0625 6.854172
274.1875 6.849168
274.3125 6.840158
274.4375 6.831084
274.5625 6.821989
274.6875 6.808888
274.8125 6.807386
274.9375 6.798130
275.0625 6.772974
275.1875 6.755861
275.3125 6.734593
275.4375 6.717530
275.5625 6.704212
275.6875 6.698826
275.8125 6.689432
275.9375 6.691649
276.0625 6.710067
276.1875 6.728445
276.3125 6.726873
276.4375 6.729492
276.5625 6.735809
276.6875 6.726455
276.8125 6.720541
276.9375 6.718820
277.0625 6.717069
277.1875 6.707054
277.3125 6.693315
277.4375 6.679199
277.5625 6.677323
277.6875 6.699285
277.8125 6.697342
277.9375 6.663562
278.0625 6.629311
278.1875 6.591457
278.3125 6.558157
278.4375 6.527650
278.5625 6.501003
278.6875 6.482953
278.8125 6.452930
278.9375 6.434025
279.0625 6.451786
279.1875 6.469503
279.3125 6.474458
279.4375 6.468175
279.5625 6.445083
279.6875 6.511771
279.8125 6.575127
279.9375 6.623218
280.0625 6.713387
280.1875 6.785724
280.3125 6.827009
280.4375 6.903633
280.5625 6.962289
280.6875 6.968015
280.8125 6.978076
280.9375 7.005618
281.0625 7.011189
281.1875 6.972864
281.3125 6.959684
281.4375 6.944630
281.5625 6.976127
281.6875 6.985840
281.8125 6.991146
281.9375 6.974778
282.0625 6.941200
282.1875 6.890336
282.3125 6.865589
282.4375 6.793306
282.5625 6.717535
282.6875 6.657613
282.8125 6.575989
282.9375 6.517013
283.0625 6.413923
283.1875 6.333940
283.3125 6.278515
283.4375 6.223254
283.5625 6.150727
283.6875 6.078227
283.8125 6.007640
283.9375 5.931025
284.0625 5.863053
284.1875 5.779891
284.3125 5.718385
284.4375 5.691464
284.5625 5.610075
284.6875 5.533064
284.8125 5.456566
284.9375 5.439662
285.0625 5.423962
285.1875 5.388697
285.3125 5.335303
285.4375 5.301259
285.5625 5.243724
285.6875 5.204241
285.8125 5.164775
285.9375 5.142530
286.0625 5.098686
286.1875 5.063834
286.3125 5.059361
286.4375 5.028438
286.5625 4.990234
286.6875 4.964429
286.8125 4.929705
286.9375 4.894726
287.0625 4.851211
287.1875 4.812280
287.3125 4.777601
287.4375 4.725348
287.5625 4.680425
287.6875 4.632333
287.8125 4.579818
287.9375 4.518430
288.0625 4.476547
288.1875 4.433113
288.3125 4.359196
288.4375 4.327691
288.5625 4.321772
288.6875 4.319210
288.8125 4.310880
288.9375 4.386081
289.0625 4.460070
289.1875 4.562903
289.3125 4.587620
289.4375 4.596175
289.5625 4.577205
289.6875 4.542139
289.8125 4.515290
289.9375 4.512494
290.0625 4.461564
290.1875 4.462333
290.3125 4.408464
290.4375 4.370160
290.5625 4.335709
290.6875 4.282116
290.8125 4.235554
290.9375 4.207178
291.0625 4.200841
291.1875 4.176282
291.3125 4.123944
291.4375 4.064564
291.5625 4.030520
291.6875 3.992638
291.8125 3.976649
291.9375 3.980710
292.0625 3.982540
292.1875 3.981898
292.3125 3.926149
292.4375 3.866851
292.5625 3.872896
292.6875 3.891969
292.8125 3.920392
292.9375 3.929303
293.0625 3.931906
293.1875 3.907123
293.3125 3.830931
293.4375 3.793835
293.5625 3.738069
293.6875 3.706193
293.8125 3.696626
293.9375 3.694927
294.0625 3.681721
294.1875 3.659882
294.3125 3.617298
294.4375 3.578091
294.5625 3.549177
294.6875 3.529084
294.8125 3.507018
294.9375 3.489995
295.0625 3.482617
295.1875 3.511066
295.3125 3.586215
295.4375 3.638986
295.5625 3.638387
295.6875 3.621952
295.8125 3.569491
295.9375 3.527317
296.0625 3.499803
296.1875 3.475187
296.3125 3.495862
296.4375 3.506691
296.5625 3.495978
296.6875 3.563634
296.8125 3.569510
296.9375 3.509066
297.0625 3.495610
297.1875 3.459982
297.3125 3.475264
297.4375 3.494808
297.5625 3.505303
297.6875 3.450735
297.8125 3.417182
297.9375 3.412038
298.0625 3.419333
298.1875 3.391131
298.3125 3.393364
298.4375 3.414976
298.5625 3.477305
298.6875 3.511148
298.8125 3.520414
298.9375 3.484594
299.0625 3.507666
299.1875 3.498795
299.3125 3.465319
299.4375 3.459716
299.5625 3.458726
299.6875 3.448999
299.8125 3.407489
299.9375 3.337129
300.0625 3.304374
300.1875 3.308969
300.3125 3.309634
300.4375 3.339699
300.5625 3.361635
300.6875 3.377637
300.8125 3.362242
300.9375 3.315007
301.0625 3.275823
301.1875 3.230606
301.3125 3.161986
301.4375 3.085119
301.5625 3.039713
301.6875 2.981397
301.8125 2.939192
301.9375 2.965331
302.0625 2.976705
302.1875 2.998927
302.3125 3.027921
302.4375 3.057917
302.5625 3.060947
302.6875 3.055944
302.8125 3.061177
302.9375 3.062534
303.0625 3.058572
303.1875 3.046903
303.3125 3.017597
303.4375 2.986913
303.5625 2.971722
303.6875 2.988592
303.8125 2.999839
303.9375 3.030046
304.0625 3.058353
304.1875 3.049821
304.3125 3.002630
304.4375 2.952380
304.5625 2.915786
304.6875 2.919364
304.8125 2.931536
304.9375 2.935853
305.0625 2.934540
305.1875 2.895917
305.3125 2.879636
305.4375 2.852666
305.5625 2.819100
305.6875 2.864157
305.8125 2.879753
305.9375 2.883966
306.0625 2.887018
306.1875 2.884021
306.3125 2.868967
306.4375 2.848269
306.5625 2.836671
306.6875 2.840480
306.8125 2.794052
306.9375 2.740933
307.0625 2.705022
307.1875 2.706353
307.3125 2.688877
307.4375 2.658590
307.5625 2.652447
307.6875 2.627135
307.8125 2.688647
307.9375 2.737386
308.0625 2.743758
308.1875 2.718179
308.3125 2.679927
308.4375 2.619876
308.5625 2.571737
308.6875 2.571837
308.8125 2.545816
308.9375 2.561884
309.0625 2.599010
309.1875 2.628774
309.3125 2.634979
309.4375 2.621249
309.5625 2.657461
309.6875 2.682547
309.8125 2.683752
309.9375 2.709274
310.0625 2.715348
310.1875 2.699262
310.3125 2.669515
310.4375 2.643601
310.5625 2.632338
310.6875 2.624788
310.8125 2.603594
310.9375 2.552559
311.0625 2.515163
311.1875 2.461626
311.3125 2.394574
311.4375 2.337095
311.5625 2.311927
311.6875 2.247339
311.8125 2.191132
311.9375 2.110651
312.0625 2.035325
312.1875 1.985910
312.3125 1.928782
312.4375 1.867346
312.5625 1.800453
312.6875 1.729904
312.8125 1.663130
312.9375 1.620775
313.0625 1.494556
313.1875 1.396928
313.3125 1.368865
313.4375 1.368112
313.5625 1.347134
313.6875 1.336886
313.8125 1.336229
313.9375 1.329309
314.0625 1.322550
314.1875 1.323159
314.3125 1.307397
314.4375 1.280534
314.5625 1.255477
314.6875 1.245271
314.8125 1.246234
314.9375 1.211450
315.0625 1.163337
315.1875 1.094789
315.3125 1.051752
315.4375 1.042008
315.5625 1.044093
315.6875 1.046164
315.8125 1.036968
315.9375 1.016863
316.0625 1.000865
316.1875 0.998164
316.3125 0.986017
316.4375 0.982210
316.5625 0.979556
316.6875 0.947272
316.8125 0.930291
316.9375 0.936988
317.0625 0.957146
317.1875 0.978716
317.3125 0.990100
317.4375 1.000141
317.5625 1.010252
317.6875 1.015257
317.8125 1.025532
317.9375 1.035521
318.0625 1.043534
318.1875 1.045807
318.3125 1.040477
318.4375 1.034349
318.5625 1.025061
318.6875 1.024045
318.8125 1.019725
318.9375 1.021214
319.0625 1.018470
319.1875 1.016225
319.3125 1.013024
319.4375 0.999766
319.5625 0.997361
319.6875 0.985091
319.8125 0.989697
319.9375 0.991570
320.0625 0.995933
320.1875 1.007407
320.3125 1.003680
320.4375 0.993273
320.5625 0.991252
320.6875 0.987024
320.8125 0.984852
320.9375 0.986969
321.0625 0.989362
321.1875 0.984168
321.3125 0.971790
321.4375 1.001152
321.5625 1.012021
321.6875 1.013851
321.8125 1.017423
321.9375 1.020275
322.0625 1.026992
322.1875 1.030462
322.3125 1.028655
322.4375 1.030171
322.5625 1.029684
322.6875 1.032841
322.8125 1.033043
322.9375 1.029295
323.0625 1.031413
323.1875 1.023297
323.3125 1.045456
323.4375 1.069947
323.5625 1.076344
323.6875 1.078836
323.8125 1.097089
323.9375 1.122576
324.0625 1.143723
324.1875 1.160545
324.3125 1.167172
324.4375 1.161367
324.5625 1.158772
324.6875 1.143368
324.8125 1.142213
324.9375 1.141458
325.0625 1.133276
325.1875 1.117833
325.3125 1.108694
325.4375 1.101837
325.5625 1.102154
325.6875 1.101766
325.8125 1.105323
325.9375 1.107152
326.0625 1.090210
326.1875 1.077682
326.3125 1.091102
326.4375 1.131197
326.5625 1.162456
326.6875 1.168939
326.8125 1.236490
326.9375 1.308336
327.0625 1.324385
327.1875 1.356126
327.3125 1.389732
327.4375 1.448568
327.5625 1.449934
327.6875 1.475403
327.8125 1.486557
327.9375 1.497516
328.0625 1.472581
328.1875 1.449765
328.3125 1.441673
328.4375 1.403090
328.5625 1.364551
328.6875 1.372992
328.8125 1.350124
328.9375 1.302789
329.0625 1.312291
329.1875 1.364888
329.3125 1.406689
329.4375 1.406173
329.5625 1.368997
329.6875 1.345834
329.8125 1.339098
329.9375 1.316922
330.0625 1.318895
330.1875 1.316434
330.3125 1.284465
330.4375 1.250623
330.5625 1.230404
330.6875 1.221409
330.8125 1.191497
330.9375 1.174705
331.0625 1.176782
331.1875 1.165406
331.3125 1.138237
331.4375 1.138250
331.5625 1.107314
331.6875 1.104640
331.8125 1.118408
331.9375 1.114886
332.0625 1.107161
332.1875 1.097443
332.3125 1.112140
332.4375 1.121159
332.5625 1.098220
332.6875 1.105395
332.8125 1.108948
332.9375 1.094629
333.0625 1.108979
333.1875 1.116118
333.3125 1.107196
333.4375 1.084265
333.5625 1.048982
333.6875 1.064363
333.8125 1.088698
333.9375 1.095676
334.0625 1.083607
334.1875 1.069799
334.3125 1.059298
334.4375 1.038287
334.5625 0.997914
334.6875 0.997739
334.8125 0.964279
334.9375 0.986465
335.0625 1.022064
335.1875 1.020187
335.3125 1.006799
335.4375 0.993436
335.5625 0.995499
335.6875 0.996829
335.8125 0.991838
335.9375 0.964841
336.0625 0.956359
336.1875 0.918214
336.3125 0.907264
336.4375 0.875443
336.5625 0.855425
336.6875 0.846591
336.8125 0.868175
336.9375 0.860471
337.0625 0.837089
337.1875 0.835010
337.3125 0.806691
337.4375 0.781395
337.5625 0.778762
337.6875 0.757411
337.8125 0.728210
337.9375 0.698029
338.0625 0.681998
338.1875 0.678043
338.3125 0.672468
338.4375 0.662543
338.5625 0.641811
338.6875 0.620444
338.8125 0.608691
338.9375 0.607447
339.0625 0.597644
339.1875 0.563593
339.3125 0.543767
339.4375 0.553273
339.5625 0.562375
339.6875 0.607307
339.8125 0.619879
339.9375 0.621859
340.0625 0.602331
340.1875 0.586808
340.3125 0.561933
340.4375 0.516436
340.5625 0.503699
340.6875 0.477871
340.8125 0.466524
340.9375 0.458582
341.0625 0.434580
341.1875 0.428576
341.3125 0.443591
341.4375 0.460319
341.5625 0.469598
341.6875 0.499436
341.8125 0.522625
341.9375 0.530219
342.0625 0.577689
342.1875 0.592464
342.3125 0.599446
342.4375 0.608166
342.5625 0.613667
342.6875 0.617834
342.8125 0.627217
342.9375 0.640990
343.0625 0.653578
343.1875 0.666471
343.3125 0.664828
343.4375 0.625594
343.5625 0.588735
343.6875 0.555193
343.8125 0.547377
343.9375 0.548641
344.0625 0.518707
344.1875 0.477800
344.3125 0.456872
344.4375 0.471055
344.5625 0.472083
344.6875 0.475267
344.8125 0.484643
344.9375 0.485971
345.0625 0.494011
345.1875 0.495141
345.3125 0.489081
345.4375 0.482597
345.5625 0.495641
345.6875 0.497984
345.8125 0.500134
345.9375 0.491017
346.0625 0.487464
346.1875 0.483173
346.3125 0.479818
346.4375 0.489673
346.5625 0.494944
346.6875 0.510749
346.8125 0.531138
346.9375 0.529314
347.0625 0.541062
347.1875 0.536780
347.3125 0.529501
347.4375 0.511364
347.5625 0.498802
347.6875 0.523381
347.8125 0.524965
347.9375 0.522669
348.0625 0.518532
348.1875 0.524248
348.3125 0.525915
348.4375 0.540618
348.5625 0.563934
348.6875 0.579852
348.8125 0.591036
348.9375 0.587915
349.0625 0.581653
349.1875 0.591094
349.3125 0.654281
349.4375 0.719211
349.5625 0.785144
349.6875 0.841484
349.8125 0.907313
349.9375 0.952807
350.0625 1.042552
350.1875 1.108740
350.3125 1.145544
350.4375 1.184349
350.5625 1.243662
350.6875 1.298700
350.8125 1.366659
350.9375 1.420774
351.0625 1.451250
351.1875 1.501378
351.3125 1.539714
351.4375 1.598638
351.5625 1.653313
351.6875 1.692000
351.8125 1.717264
351.9375 1.730597
352.0625 1.733208
352.1875 1.714632
352.3125 1.702168
352.4375 1.695359
352.5625 1.742527
352.6875 1.796819
352.8125 1.859604
352.9375 1.913784
353.0625 1.975413
353.1875 2.027722
353.3125 2.056609
353.4375 2.086794
353.5625 2.111450
353.6875 2.150141
353.8125 2.210483
353.9375 2.275037
354.0625 2.329957
354.1875 2.345263
354.3125 2.377196
354.4375 2.407756
354.5625 2.445786
354.6875 2.459522
354.8125 2.470365
354.9375 2.483842
355.0625 2.475974
355.1875 2.483795
355.3125 2.491653
355.4375 2.499798
355.5625 2.488739
355.6875 2.485239
355.8125 2.473533
355.9375 2.461551
356.0625 2.425328
356.1875 2.407488
356.3125 2.411970
356.4375 2.421045
356.5625 2.422377
356.6875 2.409753
356.8125 2.401483
356.9375 2.402072
357.0625 2.429418
357.1875 2.438599
357.3125 2.455077
357.4375 2.476519
357.5625 2.496199
357.6875 2.518628
357.8125 2.538952
357.9375 2.544727
358.0625 2.540271
358.1875 2.584832
358.3125 2.605271
358.4375 2.639684
358.5625 2.717675
358.6875 2.761811
358.8125 2.759608
358.9375 2.769165
359.0625 2.795847
359.1875 2.815309
359.3125 2.799349
359.4375 2.802204
359.5625 2.866419
359.6875 2.911819
359.8125 2.974417
359.9375 3.009764
